 

             time  Air Flow      Pt3      Tt3    HPSpeed    LPspeed     Tmat 
Case   2   0.0500    253.96   132.50  1275.43    8287.74    3221.44   956.54 
Case   2   0.1000    253.96   132.50  1275.43    8287.74    3221.44   956.54 
Case   2   0.1500    253.96   132.50  1275.43    8287.74    3221.44   956.54 
Case   2   0.2000    253.96   132.50  1275.43    8287.74    3221.44   956.54 
Case   2   0.2500    253.96   132.50  1275.43    8287.74    3221.44   956.54 
Case   2   0.3000    253.96   132.50  1275.43    8287.74    3221.43   956.54 
Case   2   0.3500    253.96   132.50  1275.43    8287.74    3221.43   956.54 
Case   2   0.4000    253.96   132.50  1275.43    8287.74    3221.43   956.54 
Case   2   0.4500    253.96   132.50  1275.43    8287.74    3221.43   956.54 
Case   2   0.5000    253.96   132.50  1275.43    8287.74    3221.43   956.54 
Case   2   0.5500    253.96   132.50  1275.43    8287.74    3221.43   956.54 
Case   2   0.6000    253.96   132.50  1275.43    8287.74    3221.43   956.54 
Case   2   0.6500    253.96   132.50  1275.43    8287.74    3221.43   956.54 
Case   2   0.7000    253.96   132.50  1275.43    8287.74    3221.43   956.54 
Case   2   0.7500    253.96   132.50  1275.43    8287.74    3221.43   956.54 
Case   2   0.8000    253.96   132.50  1275.43    8287.74    3221.43   956.54 
Case   2   0.8500    253.96   132.50  1275.43    8287.74    3221.43   956.54 
Case   2   0.9000    253.96   132.50  1275.43    8287.74    3221.43   956.54 
Case   2   0.9500    253.96   132.50  1275.43    8287.74    3221.43   956.54 
Case   2   1.0000    253.96   132.50  1275.43    8287.74    3221.43   956.54 
Case   2   1.0500    253.96   132.50  1275.43    8287.74    3221.43   956.54 
Case   2   1.1000    253.96   132.50  1275.43    8287.74    3221.43   956.54 
Case   2   1.1500    253.96   132.50  1275.43    8287.74    3221.43   956.54 
Case   2   1.2000    253.96   132.50  1275.43    8287.74    3221.43   956.54 
Case   2   1.2500    253.96   132.50  1275.43    8287.74    3221.43   956.54 
Case   2   1.3000    253.96   132.50  1275.43    8287.74    3221.43   956.54 
Case   2   1.3500    253.96   132.50  1275.43    8287.74    3221.43   956.54 
Case   2   1.4000    253.96   132.50  1275.43    8287.74    3221.43   956.54 
Case   2   1.4500    253.96   132.50  1275.43    8287.74    3221.43   956.54 
Case   2   1.5000    253.96   132.50  1275.43    8287.74    3221.43   956.54 
Case   2   1.5500    253.96   132.50  1275.43    8287.74    3221.43   956.54 
Case   2   1.6000    253.96   132.50  1275.43    8287.74    3221.43   956.54 
Case   2   1.6500    253.96   132.50  1275.43    8287.74    3221.43   956.54 
Case   2   1.7000    253.96   132.50  1275.43    8287.74    3221.43   956.54 
Case   2   1.7500    253.96   132.50  1275.43    8287.74    3221.43   956.54 
Case   2   1.8000    253.96   132.50  1275.43    8287.74    3221.43   956.54 
Case   2   1.8500    253.96   132.50  1275.43    8287.74    3221.43   956.54 
Case   2   1.9000    253.96   132.50  1275.43    8287.74    3221.43   956.54 
Case   2   1.9500    253.96   132.50  1275.43    8287.74    3221.43   956.54 
Case   2   2.0000    253.96   132.50  1275.43    8287.74    3221.43   956.54 
Case   2   2.0500    253.96   132.50  1275.43    8287.74    3221.43   956.54 
Case   2   2.1000    253.96   132.50  1275.43    8287.74    3221.43   956.54 
Case   2   2.1500    253.96   132.50  1275.43    8287.74    3221.43   956.54 
Case   2   2.2000    253.96   132.50  1275.43    8287.74    3221.43   956.54 
Case   2   2.2500    253.96   132.50  1275.43    8287.74    3221.43   956.54 
Case   2   2.3000    253.96   132.50  1275.43    8287.74    3221.43   956.54 
Case   2   2.3500    253.96   132.50  1275.43    8287.74    3221.43   956.54 
Case   2   2.4000    253.96   132.50  1275.43    8287.74    3221.43   956.54 
Case   2   2.4500    253.96   132.50  1275.43    8287.74    3221.43   956.54 
Case   2   2.5000    253.96   132.50  1275.43    8287.74    3221.43   956.54 
Case   2   2.5500    253.96   132.50  1275.43    8287.74    3221.43   956.54 
Case   2   2.6000    253.96   132.50  1275.43    8287.74    3221.43   956.54 
Case   2   2.6500    253.96   132.50  1275.43    8287.74    3221.43   956.54 
Case   2   2.7000    253.96   132.50  1275.43    8287.74    3221.43   956.54 
Case   2   2.7500    253.96   132.50  1275.43    8287.74    3221.43   956.54 
Case   2   2.8000    253.96   132.50  1275.43    8287.74    3221.43   956.54 
Case   2   2.8500    253.96   132.50  1275.43    8287.74    3221.43   956.54 
Case   2   2.9000    253.96   132.50  1275.43    8287.74    3221.43   956.54 
Case   2   2.9500    253.96   132.50  1275.43    8287.74    3221.43   956.54 
Case   2   3.0000    253.96   132.50  1275.43    8287.74    3221.43   956.54 
Case   2   3.0500    253.96   132.50  1275.43    8287.74    3221.43   956.54 
Case   2   3.1000    253.96   132.50  1275.43    8287.74    3221.43   956.54 
Case   2   3.1500    253.96   132.50  1275.43    8287.74    3221.43   956.54 
Case   2   3.2000    253.96   132.50  1275.43    8287.74    3221.43   956.54 
Case   2   3.2500    253.96   132.50  1275.43    8287.74    3221.43   956.54 
Case   2   3.3000    253.96   132.50  1275.43    8287.74    3221.43   956.54 
Case   2   3.3500    253.96   132.50  1275.43    8287.74    3221.43   956.54 
Case   2   3.4000    253.96   132.50  1275.43    8287.74    3221.43   956.54 
Case   2   3.4500    253.96   132.50  1275.43    8287.74    3221.43   956.54 
Case   2   3.5000    253.96   132.50  1275.43    8287.74    3221.43   956.54 
Case   2   3.5500    253.96   132.50  1275.43    8287.74    3221.43   956.54 
Case   2   3.6000    253.96   132.50  1275.43    8287.74    3221.43   956.54 
Case   2   3.6500    253.96   132.50  1275.43    8287.74    3221.43   956.54 
Case   2   3.7000    253.96   132.50  1275.43    8287.74    3221.43   956.54 
Case   2   3.7500    253.96   132.50  1275.43    8287.74    3221.43   956.54 
Case   2   3.8000    253.96   132.50  1275.43    8287.74    3221.43   956.54 
Case   2   3.8500    253.96   132.50  1275.43    8287.74    3221.43   956.54 
Case   2   3.9000    253.96   132.50  1275.43    8287.74    3221.43   956.54 
Case   2   3.9500    253.96   132.50  1275.43    8287.74    3221.43   956.54 
Case   2   4.0000    253.96   132.50  1275.43    8287.74    3221.43   956.54 
Case   2   4.0500    253.96   132.50  1275.43    8287.74    3221.43   956.54 
Case   2   4.1000    253.96   132.50  1275.43    8287.74    3221.43   956.54 
Case   2   4.1500    253.96   132.50  1275.43    8287.74    3221.43   956.54 
Case   2   4.2000    253.96   132.50  1275.43    8287.74    3221.43   956.54 
Case   2   4.2500    253.96   132.50  1275.43    8287.74    3221.43   956.54 
Case   2   4.3000    253.96   132.50  1275.43    8287.74    3221.43   956.54 
Case   2   4.3500    253.96   132.50  1275.43    8287.74    3221.43   956.54 
Case   2   4.4000    253.96   132.50  1275.43    8287.74    3221.43   956.54 
Case   2   4.4500    253.96   132.50  1275.43    8287.74    3221.43   956.54 
Case   2   4.5000    253.96   132.50  1275.43    8287.74    3221.43   956.54 
Case   2   4.5500    253.96   132.50  1275.43    8287.74    3221.43   956.54 
Case   2   4.6000    253.96   132.50  1275.43    8287.74    3221.43   956.54 
Case   2   4.6500    253.96   132.50  1275.43    8287.74    3221.43   956.54 
Case   2   4.7000    253.96   132.50  1275.43    8287.74    3221.43   956.54 
Case   2   4.7500    253.96   132.50  1275.43    8287.74    3221.43   956.54 
Case   2   4.8000    253.96   132.50  1275.43    8287.74    3221.43   956.54 
Case   2   4.8500    253.96   132.50  1275.43    8287.74    3221.43   956.54 
Case   2   4.9000    253.96   132.50  1275.43    8287.74    3221.43   956.54 
Case   2   4.9500    253.96   132.50  1275.43    8287.74    3221.43   956.54 
Case   2   5.0000    253.96   132.50  1275.43    8287.74    3221.43   956.54 
Case   2   5.0500    253.96   132.50  1275.43    8287.74    3221.43   956.54 
Case   2   5.1000    253.96   132.50  1275.43    8287.74    3221.43   956.54 
Case   2   5.1500    253.96   132.50  1275.43    8287.74    3221.43   956.54 
Case   2   5.2000    253.96   132.50  1275.43    8287.74    3221.43   956.54 
Case   2   5.2500    253.96   132.50  1275.43    8287.74    3221.43   956.54 
Case   2   5.3000    253.96   132.50  1275.43    8287.74    3221.43   956.54 
Case   2   5.3500    253.96   132.50  1275.43    8287.74    3221.43   956.54 
Case   2   5.4000    253.96   132.50  1275.43    8287.74    3221.43   956.54 
Case   2   5.4500    253.96   132.50  1275.43    8287.74    3221.43   956.54 
Case   2   5.5000    253.96   132.50  1275.43    8287.74    3221.43   956.54 
Case   2   5.5500    253.96   132.50  1275.43    8287.74    3221.43   956.54 
Case   2   5.6000    253.96   132.50  1275.43    8287.74    3221.43   956.54 
Case   2   5.6500    253.96   132.50  1275.43    8287.74    3221.43   956.54 
Case   2   5.7000    253.96   132.50  1275.43    8287.74    3221.43   956.54 
Case   2   5.7500    253.96   132.50  1275.43    8287.74    3221.43   956.54 
Case   2   5.8000    253.96   132.50  1275.43    8287.74    3221.43   956.54 
Case   2   5.8500    253.96   132.50  1275.43    8287.74    3221.43   956.54 
Case   2   5.9000    253.96   132.50  1275.43    8287.74    3221.43   956.54 
Case   2   5.9500    253.96   132.50  1275.43    8287.74    3221.43   956.54 
Case   2   6.0000    253.96   132.50  1275.43    8287.74    3221.43   956.54 
Case   2   6.0500    253.96   132.50  1275.43    8287.74    3221.43   956.54 
Case   2   6.1000    253.96   132.50  1275.43    8287.74    3221.43   956.54 
Case   2   6.1500    253.96   132.50  1275.43    8287.74    3221.43   956.54 
Case   2   6.2000    253.96   132.50  1275.43    8287.74    3221.43   956.54 
Case   2   6.2500    253.96   132.50  1275.43    8287.74    3221.43   956.54 
Case   2   6.3000    253.96   132.50  1275.43    8287.74    3221.43   956.54 
Case   2   6.3500    253.96   132.50  1275.43    8287.74    3221.43   956.54 
Case   2   6.4000    253.96   132.50  1275.43    8287.74    3221.43   956.54 
Case   2   6.4500    253.96   132.50  1275.43    8287.74    3221.43   956.54 
Case   2   6.5000    253.96   132.50  1275.43    8287.74    3221.43   956.54 
Case   2   6.5500    253.96   132.50  1275.43    8287.74    3221.43   956.54 
Case   2   6.6000    253.96   132.50  1275.43    8287.74    3221.43   956.54 
Case   2   6.6500    253.96   132.50  1275.43    8287.74    3221.43   956.54 
Case   2   6.7000    253.96   132.50  1275.43    8287.74    3221.43   956.54 
Case   2   6.7500    253.96   132.50  1275.43    8287.74    3221.43   956.54 
Case   2   6.8000    253.96   132.50  1275.43    8287.74    3221.43   956.54 
Case   2   6.8500    253.96   132.50  1275.43    8287.74    3221.43   956.54 
Case   2   6.9000    253.96   132.50  1275.43    8287.74    3221.43   956.54 
Case   2   6.9500    253.96   132.50  1275.43    8287.74    3221.43   956.54 
Case   2   7.0000    253.96   132.50  1275.43    8287.74    3221.43   956.54 
Case   2   7.0500    253.96   132.50  1275.43    8287.74    3221.43   956.54 
Case   2   7.1000    253.96   132.50  1275.43    8287.74    3221.43   956.54 
Case   2   7.1500    253.96   132.50  1275.43    8287.74    3221.43   956.54 
Case   2   7.2000    253.96   132.50  1275.43    8287.74    3221.43   956.54 
Case   2   7.2500    253.96   132.50  1275.43    8287.74    3221.43   956.54 
Case   2   7.3000    253.96   132.50  1275.43    8287.74    3221.43   956.54 
Case   2   7.3500    253.96   132.50  1275.43    8287.74    3221.43   956.54 
Case   2   7.4000    253.96   132.50  1275.43    8287.74    3221.43   956.54 
Case   2   7.4500    253.96   132.50  1275.43    8287.74    3221.43   956.54 
Case   2   7.5000    253.96   132.50  1275.43    8287.74    3221.43   956.54 
Case   2   7.5500    253.96   132.50  1275.43    8287.74    3221.43   956.54 
Case   2   7.6000    253.96   132.50  1275.43    8287.74    3221.43   956.54 
Case   2   7.6500    253.96   132.50  1275.43    8287.74    3221.43   956.54 
Case   2   7.7000    253.96   132.50  1275.43    8287.74    3221.43   956.54 
Case   2   7.7500    253.96   132.50  1275.43    8287.74    3221.43   956.54 
Case   2   7.8000    253.96   132.50  1275.43    8287.74    3221.43   956.54 
Case   2   7.8500    253.96   132.50  1275.43    8287.74    3221.43   956.54 
Case   2   7.9000    253.96   132.50  1275.43    8287.74    3221.43   956.54 
Case   2   7.9500    253.96   132.50  1275.43    8287.74    3221.43   956.54 
Case   2   8.0000    253.96   132.50  1275.43    8287.74    3221.43   956.54 
Case   2   8.0500    253.96   132.50  1275.43    8287.74    3221.43   956.54 
Case   2   8.1000    253.96   132.50  1275.43    8287.74    3221.43   956.54 
Case   2   8.1500    253.96   132.50  1275.43    8287.74    3221.43   956.54 
Case   2   8.2000    253.96   132.50  1275.43    8287.74    3221.43   956.54 
Case   2   8.2500    253.96   132.50  1275.43    8287.74    3221.43   956.54 
Case   2   8.3000    253.96   132.50  1275.43    8287.74    3221.43   956.54 
Case   2   8.3500    253.96   132.50  1275.43    8287.74    3221.43   956.54 
Case   2   8.4000    253.96   132.50  1275.43    8287.74    3221.43   956.54 
Case   2   8.4500    253.96   132.50  1275.43    8287.74    3221.43   956.54 
Case   2   8.5000    253.96   132.50  1275.43    8287.74    3221.43   956.54 
Case   2   8.5500    253.96   132.50  1275.43    8287.74    3221.43   956.54 
Case   2   8.6000    253.96   132.50  1275.43    8287.74    3221.43   956.54 
Case   2   8.6500    253.96   132.50  1275.43    8287.74    3221.43   956.54 
Case   2   8.7000    253.96   132.50  1275.43    8287.74    3221.43   956.54 
Case   2   8.7500    253.96   132.50  1275.43    8287.74    3221.43   956.54 
Case   2   8.8000    253.96   132.50  1275.43    8287.74    3221.43   956.54 
Case   2   8.8500    253.96   132.50  1275.43    8287.74    3221.43   956.54 
Case   2   8.9000    253.96   132.50  1275.43    8287.74    3221.43   956.54 
Case   2   8.9500    253.96   132.50  1275.43    8287.74    3221.43   956.54 
Case   2   9.0000    253.96   132.50  1275.43    8287.74    3221.43   956.54 
Case   2   9.0500    253.96   132.50  1275.43    8287.74    3221.43   956.54 
Case   2   9.1000    253.96   132.50  1275.43    8287.74    3221.43   956.54 
Case   2   9.1500    253.96   132.50  1275.43    8287.74    3221.43   956.54 
Case   2   9.2000    253.96   132.50  1275.43    8287.74    3221.43   956.54 
Case   2   9.2500    253.96   132.50  1275.43    8287.74    3221.43   956.54 
Case   2   9.3000    253.96   132.50  1275.43    8287.74    3221.43   956.54 
Case   2   9.3500    253.96   132.50  1275.43    8287.74    3221.43   956.54 
Case   2   9.4000    253.96   132.50  1275.43    8287.74    3221.43   956.54 
Case   2   9.4500    253.96   132.50  1275.43    8287.74    3221.43   956.54 
Case   2   9.5000    253.96   132.50  1275.43    8287.74    3221.43   956.54 
Case   2   9.5500    253.96   132.50  1275.43    8287.74    3221.43   956.54 
Case   2   9.6000    253.96   132.50  1275.43    8287.74    3221.43   956.54 
Case   2   9.6500    253.96   132.50  1275.43    8287.74    3221.43   956.54 
Case   2   9.7000    253.96   132.50  1275.43    8287.74    3221.43   956.54 
Case   2   9.7500    253.96   132.50  1275.43    8287.74    3221.43   956.54 
Case   2   9.8000    253.96   132.50  1275.43    8287.74    3221.43   956.54 
Case   2   9.8500    253.96   132.50  1275.43    8287.74    3221.43   956.54 
Case   2   9.9000    253.96   132.50  1275.43    8287.74    3221.43   956.54 
Case   2   9.9500    253.96   132.50  1275.43    8287.74    3221.43   956.54 
Case   2  10.0000    253.96   132.50  1275.43    8287.74    3221.43   956.54 



 

             time  Air Flow      Pt3      Tt3    HPSpeed    LPspeed     Tmat 
Case   2  10.0000    253.96   132.50  1275.43    8287.74    3221.43   956.54 
Case   2   0.0000    253.96   132.49  1275.41    8287.72    3221.44   956.54 
Case   2   0.0500    253.96   132.50  1275.43    8287.70    3221.44   956.54 
Case   2   0.1000    253.96   132.51  1275.44    8287.71    3221.44   956.55 
Case   2   0.1500    253.96   132.51  1275.45    8287.69    3221.44   956.56 
Case   2   0.2000    253.96   132.49  1275.41    8287.75    3221.44   956.53 
Case   2   0.2500    253.96   132.50  1275.43    8287.72    3221.44   956.55 
Case   2   0.3000    253.96   132.50  1275.43    8287.70    3221.44   956.55 
Case   2   0.3500    253.96   132.49  1275.40    8287.69    3221.44   956.54 
Case   2   0.4000    253.96   132.51  1275.44    8287.66    3221.44   956.55 
Case   2   0.4500    253.96   132.51  1275.45    8287.77    3221.44   956.56 
Case   2   0.5000    253.96   132.50  1275.42    8287.69    3221.44   956.54 
Case   2   0.5500    253.96   132.50  1275.43    8287.71    3221.44   956.54 
Case   2   0.6000    253.96   132.49  1275.41    8287.67    3221.44   956.53 
Case   2   0.6500    253.96   132.50  1275.45    8287.87    3221.44   956.54 
Case   2   0.7000    253.96   132.50  1275.44    8287.76    3221.44   956.55 
Case   2   0.7500    253.96   132.49  1275.41    8287.67    3221.44   956.53 
Case   2   0.8000    253.96   132.50  1275.42    8287.75    3221.44   956.54 
Case   2   0.8500    253.96   132.50  1275.43    8287.73    3221.44   956.54 
Case   2   0.9000    253.96   132.50  1275.43    8287.78    3221.44   956.54 
Case   2   0.9500    253.96   132.50  1275.43    8287.71    3221.44   956.55 
Case   2   1.0000    253.96   132.50  1275.43    8287.70    3221.44   956.55 
Case   2   1.0500    253.96   132.50  1275.42    8287.66    3221.44   956.55 
Case   2   1.1000    253.96   132.50  1275.44    8287.70    3221.44   956.55 
Case   2   1.1500    253.96   132.50  1275.43    8287.73    3221.44   956.54 
Case   2   1.2000    253.96   132.50  1275.42    8287.72    3221.44   956.54 
Case   2   1.2500    253.97   132.51  1275.47    8288.06    3221.44   956.55 
Case   2   1.3000    253.96   132.50  1275.44    8287.73    3221.44   956.55 
Case   2   1.3500    253.96   132.50  1275.42    8287.73    3221.44   956.54 
Case   2   1.4000    253.96   132.50  1275.42    8287.73    3221.44   956.54 
Case   2   1.4500    253.96   132.51  1275.44    8287.72    3221.44   956.55 
Case   2   1.5000    253.96   132.51  1275.44    8287.73    3221.44   956.55 
Case   2   1.5500    253.96   132.50  1275.43    8287.73    3221.44   956.54 
Case   2   1.6000    253.96   132.50  1275.44    8287.73    3221.44   956.55 
Case   2   1.6500    253.96   132.49  1275.42    8287.74    3221.44   956.53 
Case   2   1.7000    253.96   132.51  1275.44    8287.72    3221.44   956.55 
Case   2   1.7500    253.96   132.50  1275.43    8287.73    3221.44   956.54 
Case   2   1.8000    253.96   132.50  1275.44    8287.71    3221.44   956.55 
Case   2   1.8500    253.96   132.49  1275.42    8287.74    3221.44   956.53 
Case   2   1.9000    253.96   132.50  1275.42    8287.73    3221.44   956.54 
Case   2   1.9500    253.96   132.50  1275.43    8287.66    3221.44   956.55 
Case   2   2.0000    253.96   132.49  1275.42    8287.74    3221.44   956.53 
Case   2   2.0500    253.96   132.50  1275.43    8287.73    3221.44   956.55 
Case   2   2.1000    253.96   132.50  1275.43    8287.73    3221.44   956.54 
Case   2   2.1500    253.96   132.50  1275.43    8287.73    3221.44   956.55 
Case   2   2.2000    253.96   132.50  1275.43    8287.73    3221.44   956.54 
Case   2   2.2500    253.96   132.50  1275.43    8287.73    3221.44   956.55 
Case   2   2.3000    253.96   132.50  1275.43    8287.73    3221.44   956.54 
Case   2   2.3500    253.96   132.50  1275.43    8287.72    3221.44   956.55 
Case   2   2.4000    253.96   132.50  1275.43    8287.73    3221.44   956.54 
Case   2   2.4500    253.96   132.50  1275.43    8287.72    3221.44   956.55 
Case   2   2.5000    253.96   132.50  1275.43    8287.73    3221.44   956.54 
Case   2   2.5500    253.96   132.50  1275.43    8287.71    3221.44   956.55 
Case   2   2.6000    253.96   132.50  1275.43    8287.73    3221.44   956.54 
Case   2   2.6500    253.96   132.50  1275.43    8287.72    3221.44   956.55 
Case   2   2.7000    253.96   132.50  1275.43    8287.73    3221.44   956.54 
Case   2   2.7500    253.96   132.50  1275.44    8287.77    3221.44   956.54 
Case   2   2.8000    253.96   132.50  1275.44    8287.73    3221.44   956.55 
Case   2   2.8500    253.96   132.50  1275.44    8287.73    3221.44   956.55 
Case   2   2.9000    253.96   132.50  1275.44    8287.77    3221.44   956.54 
Case   2   2.9500    253.96   132.50  1275.42    8287.73    3221.44   956.54 
Case   2   3.0000    253.96   132.50  1275.43    8287.73    3221.44   956.54 
Case   2   3.0500    253.96   132.50  1275.45    8287.82    3221.44   956.55 
Case   2   3.1000    253.96   132.50  1275.43    8287.73    3221.44   956.54 
Case   2   3.1500    253.96   132.50  1275.44    8287.68    3221.44   956.55 
Case   2   3.2000    253.96   132.50  1275.43    8287.77    3221.44   956.54 
Case   2   3.2500    253.96   132.50  1275.43    8287.70    3221.44   956.55 
Case   2   3.3000    253.96   132.50  1275.44    8287.79    3221.44   956.55 
Case   2   3.3500    253.96   132.50  1275.43    8287.71    3221.44   956.54 
Case   2   3.4000    253.96   132.50  1275.42    8287.69    3221.44   956.54 
Case   2   3.4500    253.96   132.50  1275.43    8287.72    3221.44   956.54 
Case   2   3.5000    253.96   132.50  1275.44    8287.75    3221.44   956.55 



